My Account1,RRSP,C,abcCode1
My Account2,RRSP,C,AbcCode2
My Account3,RRSP,C,abcCode3
My Account4,RRSP,C,AbcCode4
My Account5,RRSP,C,AbcCode5
